1,	0.566663,	1.06926,	-0.724831,	0.79362,	
2,	-0.233463,	1.58998,	-0.813103,	0.291567,	
3,	-1.00084,	1.71993,	-0.711334,	-0.00129797,	
4,	-1.64596,	1.62518,	-0.579324,	-0.172082,	
5,	-2.15896,	1.39605,	-0.448981,	-0.27696,	
6,	-2.54495,	1.0833,	-0.325379,	-0.342742,	
7,	-2.81054,	0.718599,	-0.207821,	-0.382633,	
8,	-2.96082,	0.324092,	-0.0943932,	-0.403319,	
9,	-2.99888,	-0.0828317,	0.0169987,	-0.407932,	
10,	-2.92569,	-0.486667,	0.128426,	-0.397254,	
11,	-2.7402,	-0.871649,	0.241938,	-0.369994,	
12,	-2.4393,	-1.21953,	0.359527,	-0.322343,	
13,	-2.01803,	-1.5064,	0.482796,	-0.246507,	
14,	-1.47058,	-1.69722,	0.611439,	-0.127158,	
15,	-0.794679,	-1.73459,	0.736741,	0.0669443,	
16,	-0.0114159,	-1.51493,	0.811464,	0.399938,	
17,	0.742592,	-0.856952,	0.614604,	0.94003,	
18,	0.971221,	0.28666,	-0.23143,	1.19273,	
19,	0.395431,	1.23292,	-0.78154,	0.660469,	
20,	-0.415583,	1.64614,	-0.79705,	0.21009,	
21,	-1.15827,	1.71408,	-0.682143,	-0.0479144,	
22,	-1.77342,	1.58294,	-0.549339,	-0.200277,	
23,	-2.2571,	1.33137,	-0.420425,	-0.294627,	
24,	-2.61532,	1.00456,	-0.29833,	-0.353706,	
25,	-2.85446,	0.631415,	-0.181889,	-0.38883,	
26,	-2.97917,	0.232686,	-0.0691061,	-0.405705,	
27,	-2.99207,	-0.174872,	0.0421136,	-0.406869,	
28,	-2.89366,	-0.575876,	0.153835,	-0.392635,	
29,	-2.68242,	-0.954213,	0.268101,	-0.361211,	
