1,	0.575941,	1.07522,	-0.720442,	0.799117,	
2,	-0.219288,	1.61182,	-0.810779,	0.307449,	
3,	-0.988463,	1.76421,	-0.715633,	0.0212768,	
4,	-1.64305,	1.69575,	-0.591502,	-0.145854,	
5,	-2.17365,	1.49483,	-0.469569,	-0.249146,	
6,	-2.58582,	1.21066,	-0.354861,	-0.314974,	
7,	-2.88672,	0.873471,	-0.24682,	-0.356454,	
8,	-3.08218,	0.503873,	-0.143748,	-0.380436,	
9,	-3.17628,	0.117397,	-0.0438311,	-0.390473,	
10,	-3.1713,	-0.272922,	0.0546621,	-0.388126,	
11,	-3.06786,	-0.65485,	0.153382,	-0.373463,	
12,	-2.86493,	-1.01552,	0.253937,	-0.345112,	
13,	-2.55988,	-1.33983,	0.357877,	-0.299849,	
14,	-2.14867,	-1.60816,	0.466468,	-0.231536,	
15,	-1.62646,	-1.79237,	0.579709,	-0.128712,	
16,	-0.990336,	-1.84823,	0.692555,	0.030814,	
17,	-0.250318,	-1.6996,	0.779143,	0.291336,	
18,	0.523629,	-1.21098,	0.723558,	0.723398,	
19,	1.03195,	-0.233753,	0.173395,	1.18478,	
20,	0.787488,	0.894396,	-0.594843,	0.940992,	
21,	0.057486,	1.5806,	-0.792246,	0.450873,	
22,	-0.717875,	1.8641,	-0.741084,	0.140719,	
23,	-1.41029,	1.90609,	-0.640232,	-0.0434942,	
24,	-1.99835,	1.80113,	-0.535399,	-0.159207,	
25,	-2.48396,	1.60164,	-0.435901,	-0.235466,	
26,	-2.87325,	1.33902,	-0.342751,	-0.286973,	
27,	-3.17218,	1.03371,	-0.255027,	-0.321622,	
28,	-3.38554,	0.700174,	-0.171441,	-0.343861,	
29,	-3.51683,	0.349441,	-0.0907249,	-0.356226,	
