1,	0.596095,	1.25681,	-0.644372,	1.00793,	
2,	-0.101364,	2.07328,	-0.713083,	0.668354,	
3,	-0.801647,	2.64626,	-0.683615,	0.496914,	
4,	-1.46595,	3.08941,	-0.645613,	0.398304,	
5,	-2.09383,	3.45346,	-0.61132,	0.334552,	
6,	-2.6899,	3.76425,	-0.581884,	0.289854,	
7,	-3.25874,	4.03658,	-0.556681,	0.256669,	
8,	-3.80417,	4.27977,	-0.534921,	0.230974,	
9,	-4.3293,	4.50001,	-0.515931,	0.210431,	
10,	-4.8366,	4.70167,	-0.499184,	0.193592,	
11,	-5.32812,	4.88795,	-0.484275,	0.179508,	
12,	-5.80552,	5.06126,	-0.470887,	0.167532,	
13,	-6.27019,	5.22345,	-0.458776,	0.157208,	
14,	-6.72331,	5.37602,	-0.447746,	0.148203,	
15,	-7.16589,	5.52013,	-0.437642,	0.140271,	
16,	-7.59877,	5.65678,	-0.428336,	0.133223,	
17,	-8.0227,	5.78676,	-0.419727,	0.126913,	
18,	-8.43834,	5.91075,	-0.411727,	0.121226,	
19,	-8.84626,	6.02933,	-0.404266,	0.11607,	
20,	-9.24696,	6.14299,	-0.397284,	0.111371,	
21,	-9.6409,	6.25216,	-0.390729,	0.107068,	
22,	-10.0285,	6.3572,	-0.384558,	0.10311,	
23,	-10.4101,	6.45844,	-0.378733,	0.0994565,	
24,	-10.786,	6.55617,	-0.373221,	0.0960713,	
25,	-11.1566,	6.65063,	-0.367994,	0.0929246,	
26,	-11.522,	6.74206,	-0.363027,	0.0899908,	
27,	-11.8826,	6.83065,	-0.358298,	0.0872481,	
28,	-12.2386,	6.91659,	-0.353789,	0.0846774,	
29,	-12.5902,	7.00003,	-0.34948,	0.0822622,	
