1,	0.53687,	0.852436,	-0.844727,	0.540135,	
2,	-0.420305,	0.935924,	-0.915139,	-0.38841,	
3,	-1.03448,	0.21197,	-0.223359,	-0.948797,	
4,	-0.834073,	-0.697954,	0.593457,	-0.746984,	
5,	-0.0148685,	-1.11016,	0.941043,	-0.0247763,	
6,	0.825431,	-0.757318,	0.635616,	0.692064,	
7,	1.11652,	0.109387,	-0.0955424,	0.940113,	
8,	0.662015,	0.909349,	-0.765646,	0.560989,	
9,	-0.236592,	1.11266,	-0.927524,	-0.181871,	
10,	-0.994009,	0.601145,	-0.503092,	-0.784432,	
11,	-1.15684,	-0.283906,	0.192919,	-0.89387,	
12,	-0.664868,	-1.01964,	0.743484,	-0.506863,	
13,	0.187167,	-1.21926,	0.883343,	0.12828,	
14,	0.949877,	-0.795283,	0.571674,	0.686644,	
15,	1.23679,	0.0329722,	-0.0299604,	0.89888,	
16,	0.898866,	0.848515,	-0.622327,	0.657011,	
17,	0.103052,	1.23835,	-0.901123,	0.0836563,	
18,	-0.750477,	1.01204,	-0.731989,	-0.518993,	
19,	-1.25085,	0.296387,	-0.227714,	-0.854065,	
20,	-1.18688,	-0.56124,	0.35068,	-0.795509,	
21,	-0.613727,	-1.18602,	0.754968,	-0.408169,	
22,	0.213824,	-1.33166,	0.843217,	0.129896,	
23,	0.961222,	-0.951041,	0.598491,	0.609781,	
24,	1.33456,	-0.19584,	0.117187,	0.852018,	
25,	1.18262,	0.639174,	-0.417072,	0.759499,	
26,	0.55936,	1.22284,	-0.790204,	0.363446,	
27,	-0.289384,	1.323,	-0.849673,	-0.173655,	
28,	-1.03056,	0.907834,	-0.582717,	-0.630728,	
29,	-1.39061,	0.149302,	-0.114086,	-0.838788,	
