1,	0.594095,	1.1926,	-0.668583,	0.93326,	
2,	-0.134225,	1.9166,	-0.745682,	0.551075,	
3,	-0.861514,	2.35756,	-0.702863,	0.348852,	
4,	-1.53701,	2.64342,	-0.647758,	0.231068,	
5,	-2.15908,	2.83426,	-0.596887,	0.154795,	
6,	-2.73334,	2.96121,	-0.552173,	0.101462,	
7,	-3.26569,	3.04225,	-0.512982,	0.0620608,	
8,	-3.76119,	3.08869,	-0.478353,	0.0317457,	
9,	-4.22396,	3.10809,	-0.447436,	0.00769056,	
10,	-4.65737,	3.10578,	-0.419549,	-0.0118621,	
11,	-5.06416,	3.08566,	-0.394156,	-0.0280628,	
12,	-5.44661,	3.05066,	-0.370839,	-0.0416961,	
13,	-5.80664,	3.00306,	-0.349266,	-0.0533162,	
14,	-6.14585,	2.94467,	-0.329176,	-0.0633253,	
15,	-6.46561,	2.87694,	-0.310354,	-0.0720231,	
16,	-6.7671,	2.80106,	-0.292626,	-0.0796373,	
17,	-7.05135,	2.71804,	-0.27585,	-0.086344,	
18,	-7.31924,	2.6287,	-0.259904,	-0.0922817,	
19,	-7.57156,	2.53375,	-0.24469,	-0.0975608,	
20,	-7.80898,	2.43381,	-0.23012,	-0.10227,	
21,	-8.03213,	2.32942,	-0.216122,	-0.106482,	
22,	-8.24153,	2.22103,	-0.202631,	-0.110257,	
23,	-8.43768,	2.10907,	-0.189594,	-0.113645,	
24,	-8.62099,	1.99389,	-0.176961,	-0.116685,	
25,	-8.79184,	1.87583,	-0.16469,	-0.119414,	
26,	-8.9506,	1.75518,	-0.152743,	-0.121861,	
27,	-9.09754,	1.63222,	-0.141086,	-0.124051,	
28,	-9.23297,	1.50718,	-0.129688,	-0.126004,	
29,	-9.35711,	1.3803,	-0.118521,	-0.12774,	
