1,	0.585604,	1.18697,	-0.672155,	0.928641,	
2,	-0.146843,	1.8991,	-0.748234,	0.540217,	
3,	-0.874993,	2.32527,	-0.702876,	0.334556,	
4,	-1.54868,	2.59456,	-0.645283,	0.214753,	
5,	-2.16661,	2.76761,	-0.592145,	0.137168,	
6,	-2.73461,	2.87592,	-0.545358,	0.082924,	
7,	-3.25878,	2.93768,	-0.504248,	0.0428619,	
8,	-3.74428,	2.96435,	-0.46782,	0.0120558,	
9,	-4.19534,	2.96363,	-0.435194,	-0.0123682,	
10,	-4.61539,	2.94092,	-0.405668,	-0.0321976,	
11,	-5.00724,	2.90019,	-0.378692,	-0.0486024,	
12,	-5.37322,	2.84443,	-0.353833,	-0.0623809,	
13,	-5.71526,	2.77598,	-0.330751,	-0.0740965,	
14,	-6.035,	2.69668,	-0.309174,	-0.0841586,	
15,	-6.33382,	2.60802,	-0.288881,	-0.0928716,	
16,	-6.61293,	2.51123,	-0.269693,	-0.100467,	
17,	-6.87334,	2.40733,	-0.25146,	-0.107123,	
18,	-7.11595,	2.29719,	-0.234057,	-0.112981,	
19,	-7.34153,	2.18154,	-0.21738,	-0.118152,	
20,	-7.55076,	2.06103,	-0.201339,	-0.122726,	
21,	-7.74423,	1.93622,	-0.185856,	-0.126776,	
22,	-7.92248,	1.8076,	-0.170864,	-0.130362,	
23,	-8.08596,	1.6756,	-0.156305,	-0.133532,	
24,	-8.23507,	1.54063,	-0.142125,	-0.136329,	
25,	-8.37018,	1.40303,	-0.128278,	-0.138786,	
26,	-8.49159,	1.26314,	-0.114724,	-0.140931,	
27,	-8.59958,	1.12124,	-0.101423,	-0.142789,	
28,	-8.69438,	0.977632,	-0.0883415,	-0.144378,	
29,	-8.77619,	0.832558,	-0.0754472,	-0.145715,	
