1,	0.604177,	1.26226,	-0.641183,	1.01212,	
2,	-0.0895655,	2.08895,	-0.71062,	0.677316,	
3,	-0.788465,	2.67392,	-0.682733,	0.508291,	
4,	-1.45298,	3.13018,	-0.646151,	0.411073,	
5,	-2.08236,	3.50812,	-0.613066,	0.348234,	
6,	-2.681,	3.83337,	-0.584671,	0.304189,	
7,	-3.25334,	4.12063,	-0.560382,	0.271499,	
8,	-3.8031,	4.3791,	-0.539435,	0.246195,	
9,	-4.3333,	4.61493,	-0.521179,	0.225973,	
10,	-4.84636,	4.83244,	-0.505102,	0.209401,	
11,	-5.34425,	5.03479,	-0.49081,	0.195544,	
12,	-5.8286,	5.22435,	-0.477995,	0.183765,	
13,	-6.30077,	5.40297,	-0.466418,	0.173613,	
14,	-6.7619,	5.5721,	-0.45589,	0.164761,	
15,	-7.21295,	5.73293,	-0.446259,	0.156965,	
16,	-7.65477,	5.8864,	-0.437403,	0.15004,	
17,	-8.08807,	6.03331,	-0.429219,	0.143841,	
18,	-8.51348,	6.17434,	-0.421627,	0.138255,	
19,	-8.93157,	6.31005,	-0.414555,	0.133192,	
20,	-9.34282,	6.44092,	-0.407945,	0.128579,	
21,	-9.74766,	6.56738,	-0.401748,	0.124355,	
22,	-10.1465,	6.68979,	-0.395922,	0.120471,	
23,	-10.5397,	6.80846,	-0.390429,	0.116886,	
24,	-10.9275,	6.92368,	-0.385238,	0.113565,	
25,	-11.3103,	7.0357,	-0.380322,	0.110478,	
26,	-11.6883,	7.14474,	-0.375657,	0.107601,	
27,	-12.0617,	7.25099,	-0.37122,	0.104911,	
28,	-12.4308,	7.35464,	-0.366994,	0.102391,	
29,	-12.7958,	7.45585,	-0.362962,	0.100023,	
