1,	0.525642,	0.845745,	-0.851644,	0.532162,	
2,	-0.436145,	0.894942,	-0.906119,	-0.433518,	
3,	-0.993245,	0.111578,	-0.121606,	-0.99314,	
4,	-0.636211,	-0.776595,	0.765396,	-0.63752,	
5,	0.300971,	-0.958676,	0.950547,	0.294824,	
6,	0.964196,	-0.27024,	0.26967,	0.961551,	
7,	0.743428,	0.663852,	-0.667287,	0.749259,	
8,	-0.16557,	0.981253,	-0.991876,	-0.161373,	
9,	-0.920809,	0.385177,	-0.395522,	-0.920554,	
10,	-0.826167,	-0.568538,	0.55779,	-0.826558,	
11,	0.0234736,	-1.00477,	0.994818,	0.0184329,	
12,	0.851748,	-0.528987,	0.526802,	0.84688,	
13,	0.90123,	0.428377,	-0.42975,	0.905323,	
14,	0.118425,	0.98801,	-0.997267,	0.124047,	
15,	-0.774387,	0.627812,	-0.638652,	-0.773575,	
16,	-0.950659,	-0.315447,	0.305196,	-0.950633,	
17,	-0.255873,	-0.971769,	0.960755,	-0.259382,	
18,	0.67176,	-0.745804,	0.741331,	0.665583,	
19,	0.986564,	0.158441,	-0.158618,	0.988145,	
20,	0.392819,	0.914656,	-0.921831,	0.399272,	
21,	-0.565524,	0.819807,	-0.830989,	-0.563637,	
22,	-0.999544,	-0.037284,	0.0272801,	-0.999439,	
23,	-0.515062,	-0.862224,	0.850927,	-0.517045,	
24,	0.438674,	-0.903686,	0.896751,	0.432255,	
25,	0.99288,	-0.124203,	0.124078,	0.99165,	
26,	0.635403,	0.767216,	-0.771932,	0.641738,	
27,	-0.310931,	0.945493,	-0.956504,	-0.307566,	
28,	-0.968613,	0.243839,	-0.253978,	-0.968468,	
29,	-0.733611,	-0.684664,	0.67365,	-0.734416,	
